12006367
2830301
20532153
1606322
478491
5704204
688779
482249
1907779
113303
4191727
496431
4190061
1847734
146331
1168039
1589826
3150421
407807
123086
2118071
118171
1183540
4787886
578716
9577055
409538
1099223
1744301
1470511
495004
3469179
5676082
24968690
465046
14631160
777429
1288720
454203
10176009
2684863
7236546
460002
203661
3453167
10849750
6564002
344430
995115
1477673
1527825
227868
4057157
218470
2127612
352322
5846997
4574768
2959981
696492
10985405
4080167
3985753
318758
345687
2808167
382857
13829658
656927
905129
267495
252488
344812
1606850
799658
1960278
854329
10705260
1947602
3753987
2219727
7460244
4392552
8100290
3009875
310062
432370
931938
443343
1482459
878781
2237340
2913533
215714
296843
196938
4728161
1979561
1152508
543330
1659573
315475
347103
5756030
6790653
1080145
2614992
2730266
260083
645729
6699165
338814
8309818
3907635
1555618
760541
532338
2419662
3747547
1438819
8533997
1467960
3825148
169936
723636
3115645
261631
7606351
1573731
1604084
757888
9451244
11603801
181635
152971
723028
11080675
140533
208375
475578
4300473
2673716
265231
363342
5173564
133684
241221
3474181
190479
156284
370119
134245
240001
1259664
8208581
741638
9062567
5473129
3092387
10360330
1974337
14611692
5369104
557295
1031265
18358407
65946
2303039
1118687
4044915
1157004
1377183
3982036
1278279
5428619
5490404
15069350
415808
550951
2270220
2108601
190173
3336984
1027454
8822641
370314
33141555
537100
27702073
1133107
2084399
3286652
382790
1150553
697078
510573
9407808
305449
4350037
313846
613214
20716004
4361982
73651
15670381
442741
19689236
5696878
1225551
15587661
1820639
1797317
1043856
472073
178691
815213
15194209
3139691
195810
1226324
8752369
8848092
568207
334696
9110445
180539
4498323
271950
2253179
1806368
111607
132218
2599850
6821314
5021784
16363833
360299
1367845
257889
562310
317229
958173
2181104
654678
13313791
5726305
11603279
142556
401384
3277600
